256 1
2.544185608754859773e-01
4.858334302817614025e-01
1.522696317696400348e-01
6.269994581351034935e-01
8.796405947164752659e-01
1.727974400689077372e-01
6.475136236392876610e-01
9.283671808814499826e-01
5.187853174686923863e-01
5.191357453464339189e-01
4.603186879165829248e-01
4.986349718966293088e-01
3.289262530842317345e-01
9.656674798574430563e-01
7.023804192829382620e-01
6.353659873730660435e-01
3.990048891363534578e-01
8.446056774540890988e-01
5.614201332491697283e-02
6.623580457098737773e-01
2.255831457514319016e-01
8.668513034229394787e-01
4.300415019421691687e-01
3.912892280416009338e-01
1.865704292758468830e-01
4.561781340363167958e-01
1.224197468747600936e-01
6.348266299108136224e-01
7.975413188010952448e-01
9.287882554829898218e-01
3.522962234593383091e-01
1.940959276286298163e-01
3.579250023869851027e-02
4.480369046065690863e-02
8.216371983492842812e-02
1.715936631835961457e-01
4.458578014114856769e-01
2.176710585484846749e-01
4.048772948336739619e-01
7.058063519615563886e-01
2.679579722387476215e-01
5.672655371369104138e-01
4.862650830351304965e-01
3.671070913807290559e-01
8.583708473769947611e-01
4.350682224700335166e-01
4.972225357626255393e-01
8.173986853282770859e-01
2.234021355446002000e-01
4.286029259251702417e-01
9.890088985890662654e-01
9.119252419487101635e-01
1.808850049159534956e-01
3.900944619525185120e-01
3.356916785823077509e-01
2.712411648275944165e-01
1.810328587611065299e-02
9.413423107113303434e-01
5.068913894319651003e-01
1.466339625348472842e-01
3.943518776880577947e-01
3.638625070664726069e-01
9.001670847629104077e-01
5.839415658436236667e-01
4.503490556852141058e-02
7.452121182765463203e-01
7.763302519255508294e-01
7.065931541314232067e-01
2.506544122117806417e-01
2.180051117604755451e-01
8.728521000074888070e-01
5.523838442910951052e-01
7.149860057067816133e-01
3.031733485299726860e-01
8.749173196948650810e-01
3.230613775898500961e-01
3.898775601139017333e-01
5.799303237330682981e-01
8.423377548750211607e-01
3.249722720911605300e-01
9.675874456392175027e-01
4.074157403257172572e-02
7.188552896768325429e-01
7.206452222217940573e-01
4.026893747146924607e-01
3.813752378798612730e-01
5.485092452851264566e-01
1.143684296276753498e-01
3.235469022939241324e-02
9.099510732317869222e-01
6.417056657461384095e-02
9.178536043785915366e-01
2.826529790027868527e-01
7.517040059768392846e-01
9.256351870830039630e-01
4.301472881555324923e-01
6.913876406303912647e-01
8.139449526518962585e-01
4.247110200930130919e-01
5.421690625634640881e-01
6.984738273087403027e-01
5.611367689585079477e-01
7.412234515709903437e-01
3.584297442985420190e-01
1.403990992549511985e-01
8.349636660920551900e-01
5.681450756543703351e-01
4.320241150438530742e-02
1.376891522488515873e-01
2.205393037567967562e-01
1.711187458581447940e-01
9.330218234124615373e-01
1.765888477246145838e-01
5.477605613071322432e-01
2.782055786326699254e-01
1.985417009239582864e-01
8.059386856703579793e-01
3.151889876275131286e-01
6.478698209183608725e-01
4.984943632982522521e-01
6.072599438685729600e-01
1.353911203756900106e-01
2.557708357638179830e-01
7.862503021460398589e-01
9.160231884632640265e-01
3.490652753862961699e-01
9.226863185010064639e-01
7.703888808704866253e-01
8.422655355128733090e-01
2.267826942421077296e-01
9.060033612626993138e-01
8.421109088200339210e-01
3.507285134916445779e-01
9.098316319535293406e-01
5.860830816227862172e-01
8.374503216372749526e-01
3.360936873937425684e-02
1.293539270721777434e-02
5.564993166137806035e-01
8.374730036446773607e-01
2.983241279913936284e-01
8.910838350614377346e-01
1.436294025701113641e-01
4.647456544390187183e-01
1.628708724887193426e-01
6.247734280425497611e-01
6.174027742319465606e-02
1.660613447725841629e-01
1.282182023065110421e-01
2.893832360682762062e-01
4.276103696234475615e-01
4.112431456808814945e-01
8.788214717390937514e-01
9.417264372107554404e-01
5.866643183735120726e-01
6.362128882225621673e-01
5.220657938248001173e-01
6.472197194199165171e-01
5.582586502331076117e-01
5.011591275164742898e-01
1.081487383939457869e-01
7.060384082003006156e-01
6.693275474155208071e-01
8.377366193292912211e-01
9.565405625189616901e-01
2.624409374622116431e-01
3.407508133304600895e-01
9.303216807048656500e-01
2.402958564697972310e-01
5.854648207804538096e-01
2.648701522024300425e-01
9.008312377518987724e-01
7.909822858937032297e-01
5.752337256477432215e-01
1.183028701165901309e-01
4.844248845733386544e-01
9.327184239902756024e-01
1.144835986375973835e-01
3.821516721654357740e-01
9.851892252835422470e-01
8.985295900397649582e-03
5.436235858529431253e-01
9.291316045110360466e-01
8.773721937954915839e-01
7.888610156308998311e-01
6.233855124070741827e-02
2.931057706975633836e-01
5.103828812522568370e-01
4.697335590598503696e-01
3.865363908064058940e-01
8.466247867834698626e-01
5.233226300380557916e-01
1.775542606033413406e-01
1.979509946877333615e-01
2.761507525366807547e-01
8.440553205889822497e-01
9.052017522161781571e-02
3.810524969082935698e-01
8.917175554980019125e-01
9.499004794313988809e-01
8.613994313940286363e-01
5.238041337443077872e-01
4.523105112505065861e-01
7.532242248206011404e-02
7.551696460478157791e-01
6.049133148247138880e-01
6.453338356778962615e-01
4.679277669012036345e-01
2.874301618540936465e-01
1.813697427432967579e-01
6.881099788883880963e-01
2.822870968671080671e-01
4.877287811499431136e-01
9.046041286054986585e-01
4.023910452946132255e-01
9.381450541790582465e-01
4.317126856125957923e-01
4.845858618906487836e-01
1.261879075493008706e-01
7.195547480102866267e-01
6.368406022082983009e-01
8.682058518053711316e-01
6.517950738291978796e-01
9.875110059916383243e-01
9.987709101656941924e-01
8.810144074105178413e-01
4.934943869108256997e-01
1.675559439099334469e-01
4.340528082315714409e-01
5.477408040662401500e-02
4.904838122151455870e-01
6.854579171591876907e-01
9.305013813898964647e-01
9.804158101821247584e-02
6.367991826264132182e-01
3.636343551579511724e-01
7.952226903903341082e-01
5.331466326362807040e-01
5.095925675506818298e-02
2.116559153030262985e-01
6.865017410892279015e-01
3.002350453468634051e-01
4.799115731679809427e-01
9.369520046991459683e-01
8.947221208865110409e-01
9.095806124363335909e-01
5.927546005168309318e-01
2.762748720816430303e-01
8.680894476343705701e-01
9.833101466368732169e-03
3.489755222865430495e-01
5.069262352371040059e-03
7.518689606640365231e-01
8.924810011608096394e-01
6.446617630740814064e-02
8.292960392039609996e-01
